"Countries, territories and areas",Year,Psychiatrists working in mental health sector (per 100 000 population),Nurses working in mental health sector (per 100 000 population),Psychologists working in mental health sector (per 100 000 population)
Afghanistan,2016,231.0,98.0,296.0
Albania,2016,1.471,6.876,1.231
Angola,2016,57.0,660.0,179.0
Antigua and Barbuda,2016,1.001,7.005,20.0
Argentina,2016,21.705,13.662,222.572
Armenia,2016,3.84,11.245,788.0
Azerbaijan,2016,3.452,6.717,1.165
Bangladesh,2016,130.0,873.0,124.0
Belarus,2016,13.504,13.662,5.514
Belize,2016,1.392,3.34,1.113
Bhutan,2016,508.0,127.0,20.0
Bolivia (Plurinational State of),2016,1.128,13.662,20.0
Brazil,2016,3.165,34.948,12.368
Brunei Darussalam,2016,1.197,15.088,5.029
Bulgaria,2016,7.203,17.736,1.867
Burkina Faso,2016,39.0,635.0,22.0
Cote d'Ivoire,2016,130.0,381.0,20.0
Cambodia,2016,387.0,277.0,7.089
Chad,2016,7.0,21.0,20.0
Chile,2016,6.97,1.88,20.0
Colombia,2016,1.835,0.0,20.0
Congo,2016,80.0,500.0,20.0
Cook Islands,2016,5.731,11.462,11.462
Costa Rica,2016,3.931,5.699,142.018
Croatia,2016,11.095,41.856,4.367
Cuba,2016,9.056,8.899,31.061
Dominican Republic,2016,2.28,13.662,7.598
Ecuador,2016,458.0,56.0,7.662
Egypt,2016,1.6,4.799,256.0
El Salvador,2016,887.0,13.662,2.075
Eritrea,2016,17.32,2.166,83.0
Estonia,2016,16.188,23.484,6.46
Fiji,2016,224.0,1.457,560.0
Gabon,2016,259.0,518.0,777.0
Gambia,2016,101.0,303.0,20.0
Georgia,2016,6.706,5.922,2.328
Ghana,2016,58.0,7.733,65.0
Greece,2016,5.803,12.748,8.781
Grenada,2016,1.872,936.0,20.0
Guatemala,2016,492.0,1.071,46.147
Guinea,2016,25.0,13.662,8.0
Guinea-Bissau,2016,17.32,791.0,113.0
Guyana,2016,911.0,13.662,0.0
Haiti,2016,75.0,233.0,560.0
Hungary,2016,11.079,33.739,2.484
India,2016,292.0,796.0,69.0
Indonesia,2016,310.0,2.518,175.0
Israel,2016,9.87,13.662,88.089
Japan,2016,11.867,83.805,3.037
Jordan,2016,1.125,3.297,1.266
Kenya,2016,184.0,13.662,20.0
Kyrgyzstan,2016,1.688,7.365,409.0
Liberia,2016,44.0,6.401,20.0
Lithuania,2016,18.452,49.763,15.86
Madagascar,2016,58.0,314.0,62.0
Malaysia,2016,1.048,6.838,1.029
Mali,2016,29.0,92.0,11.0
Mexico,2016,207.0,2.239,3.459
Monaco,2016,31.326,83.536,53.515
Mongolia,2016,4.031,4.199,101.0
Montenegro,2016,8.278,18.307,20.0
Morocco,2016,839.0,2.451,575.0
Mozambique,2016,46.0,13.662,389.0
Myanmar,2016,384.0,321.0,20.0
Namibia,2016,371.0,907.0,1.443
Nauru,2016,17.32,8.881,20.0
Nepal,2016,356.0,558.0,523.0
New Zealand,2016,28.54,75.132,20.0
Niger,2016,14.0,126.0,19.0
Norway,2016,48.04,13.662,73.522
Panama,2016,4.031,3.452,7.331
Peru,2016,2.948,5.995,9.507
Philippines,2016,518.0,13.662,885.0
Poland,2016,24.176,30.916,16.346
Qatar,2016,2.712,9.933,1.413
Republic of Korea,2016,5.793,13.662,1.591
Romania,2016,5.665,18.71,1.479
Rwanda,2016,60.0,1.376,387.0
Saint Lucia,2016,564.0,50.788,20.0
Samoa,2016,1.548,1.548,20.0
Sao Tome and Principe,2016,511.0,4.602,3.068
Saudi Arabia,2016,1.321,10.66,2.034
Senegal,2016,200.0,267.0,20.0
Seychelles,2016,2.134,8.534,3.2
Singapore,2016,4.191,13.662,20.0
Slovenia,2016,11.953,36.727,9.302
South Africa,2016,1.521,13.662,20.0
South Sudan,2016,25.0,17.0,261.0
Suriname,2016,1.265,16.63,542.0
Sweden,2016,20.863,50.566,20.0
Syrian Arab Republic,2016,368.0,1.068,1.068
Turkiye,2016,1.637,150.251,2.537
Tajikistan,2016,1.392,1.497,20.0
Thailand,2016,721.0,7.418,1.749
Timor-Leste,2016,81.0,1.37,81.0
Togo,2016,54.0,270.0,404.0
Tonga,2016,2.821,16.923,1.88
Uganda,2016,82.0,2.242,37.0
Ukraine,2016,6.93,13.662,20.0
United Arab Emirates,2016,1.649,4.37,765.0
United States of America,2016,10.542,4.283,29.864
Uruguay,2016,14.134,13.662,20.0
Uzbekistan,2016,2.612,9.214,90.0
Vanuatu,2016,378.0,4.535,756.0
Yemen,2016,201.0,323.0,409.0
Zambia,2016,56.0,1.429,31.0
Zimbabwe,2016,95.0,3.486,57.0
